' '
'LamCon_40N_97W'
  2        33.000        45.000       -97.000       -97.000        40.000
'LamCon_40N_90W'
  2        30.000        60.000       -90.000       -90.000        40.000
'LamCon_63N_155W'
  2        60.000        70.000      -155.000      -155.000        63.000
'LamCon_21N_157W'
  2        19.000        22.000      -157.000      -157.000        21.000
'LamCon_18N_66W'
  2        17.000        19.000       -66.000       -66.000        18.000
'POLSTE_HEMI'
 6          1.000        45.000       -98.000       -98.000        90.000
'EQMERCSA'
  7         0.000         0.000       -98.000       -98.000         0.000
'EQMERCAF'
  7         0.000         0.000        10.000        10.000         0.000
'NWS_AQF_LAM_CS'
  2        33.000        45.000       -97.000       -97.000        40.000
'NWS_AQF_LAM_AK'
  2        57.000        63.000      -148.600      -148.600        63.210
'NWS_AQF_LAM_HI'
  2        19.000        21.000      -157.500      -157.500        20.530
'LATLON'
1  0.0 0.0 0.0 0.0 0.0
'LamCon_20S_40W'
 2        -24.250       -16.250       -40.285       -40.285       -20.251
' '
'GEOCODE_1'
'LATLON'  0.0 -90.0 1.0 1.0  360  180 1
'GEOCODE_0pt1'
'LATLON'  0.0 -90.0 0.1 0.1  3600  1800 1
'Pt1dUS1'
'LATLON'  -140.0 20.0 0.1 0.1  900  400 1
'global_1'
'LATLON'  -180.0 -90.0 1.0 1.0  360  180 1
'global_2'
'LATLON'  -180.0 -89.0 2.0 2.0  180  89 1
'global_0pt1'
'LATLON'  -180.0 -90.0 0.1 0.1  3600  1800 1
'global_0pt01'
'LATLON'  -180.0 -90.0 0.01 0.01  36000  18000 1
'global_2x2.5'
'LATLON'              -181.25       -89.0      2.5      2.0  144   89 1
'global_4x5'
'LATLON'              -182.50       -88.0      5.0      4.0   72   44 1
'12NHEMI2'
'POLSTE_HEMI' -10098000.000 -10098000.000     12000.000     12000.000 1683 1683   1
'36NHEMI2'
'POLSTE_HEMI' -10098000.000 -10098000.000     36000.000     36000.000 561 561   1
'36NHEMI1'
'POLSTE_HEMI' -10098000.000 -10098000.000     36000.000     36000.000 561 561   1
'108NHEMI2'
'POLSTE_HEMI' -10098000.000 -10098000.000    108000.000    108000.000 187 187   1
'HEMIS'
'POLSTE_HEMI' -10098000.000 -10098000.000    108000.000    108000.000 187 187   1
'1188NHEMI2'
'POLSTE_HEMI'     -10098000.0 -10098000.0 1188000. 1188000.   17   17 1
'12US1'
'LamCon_40N_97W' -2556000.0 -1728000.0 12000.0 12000.0 459 299 1
'12US2'
'LamCon_40N_97W'     -2412000.0 -1620000.0 12000.0 12000.0 396 246 1
'12US4'
'LamCon_40N_97W' -2556000.0 -1728000.0 12000.0 12000.0 459 354 1
'36US3'
'LamCon_40N_97W'  -2952000.000  -2772000.000     36000.000     36000.000 172  148   1
'12US3'
'LamCon_40N_97W'  -2952000.000  -2772000.000     12000.000     12000.000 516  444   1
'324US1'
'LamCon_40N_97W'  -2556000.000  -1728000.000    324000.000    324000.000  17   12   1
'108US1'
'LamCon_40N_97W'  -2952000.000  -2772000.000    108000.000    108000.000  60   50   1
'108US3'
'LamCon_40N_97W'  -2952000.000  -2772000.000    108000.000    108000.000  60   50   1
'432US3'
'LamCon_40N_97W'  -2952000.000  -2772000.000    432000.000    432000.000  15   13   1
'4LISTOS1'
'LamCon_40N_97W'   1140000.000   -456000.000      4000.000      4000.000 300 315   1
'8x3'
'LamCon_40N_90W'  -3831931.000   -730076.000    600000.000    600000.000   8   3   1
'27AK1'
'LamCon_63N_155W'    -1971000.0 -1701000.0 27000.0 27000.0 146 126 1
'9AK1'
'LamCon_63N_155W'  -1107000.  -1134000.      9000.   9000.  312 252   1
'27HI1'
'LamCon_21N_157W'    -1012500.0 -1012500.0 27000.0 27000.0  75  75 1
'3HI1'
'LamCon_21N_157W'   -391500.   -346500.      3000.   3000.  225 201   1
'9HI1'
'LamCon_21N_157W'   -517500.   -490500.      9000.   9000.  100 100   1
'27PR1'
'LamCon_18N_66W'     -1012500.0 -1012500.0 27000.0 27000.0  75  75 1
'3PR1'
'LamCon_18N_66W'  -274500.   -202500.      3000.   3000.  150 150   1
'9PR1'
'LamCon_18N_66W'  -517500.   -436500.      9000.   9000.  100 100   1
'RMGV'
'LamCon_20S_40W'   -80000.    -83000.      1000.   1000.  160 160   1
'LISTOS4'
'LamCon_40N_97W'  1140000.   -456000.      4000.   4000.  300 315   1
'4US2'
'LamCon_40N_97W'     -2412000.0 -1620000.0 4000.0 4000.0 1188 738 1
'1US2'
'LamCon_40N_97W'     -2412000.0 -1620000.0 1000.0 1000.0 4752 2952 1
'4US1'
'LamCon_40N_97W' -2556000.0 -1728000.0  4000.0  4000.0 1377 897 1
'1US1'
'LamCon_40N_97W' -2556000.0 -1728000.0  1000.0  1000.0 5508 3588 1
'1US4'
'LamCon_40N_97W' -2556000.0 -1728000.0  1000.0  1000.0 5508 4248 1
'CMAQNORTHSA'
'EQMERCSA'    251759.250  -1578187.000     27000.000     27000.000 179 154   1
'CMAQNORTHAF'
'EQMERCAF'    251759.250  -1578187.000     27000.000     27000.000 179 154   1
'NWS_AQF_CS12'
'NWS_AQF_LAM_CS'  -2508000.000  -1716000.000     12000.000     12000.000 442 265   1
'NWS_AQF_AK12'
'NWS_AQF_LAM_AK'  -1194000.000   -978000.000     12000.000     12000.000 199 163   1
'NWS_AQF_HI12'
'NWS_AQF_LAM_HI'   -480000.000   -312000.000     12000.000     12000.000  80  52   1
'36ASIA1'
'POLSTE_HEMI'  -4302000.0 3366000.0   36000.000    36000.000 250 185   1
' '
